0	-150
100000	264
200000	326
300000	134
400000	-218
500000	-168
600000	-172
700000	-264
800000	-130
900000	-156
1000000	-232
1100000	-168
1200000	-6
1300000	-10
1400000	204
1500000	206
1600000	296
1700000	482
1800000	538
1900000	550
2000000	466
2100000	500
2200000	592
2300000	496
2400000	630
2500000	470
2600000	486
2700000	640
2800000	498
2900000	620
3000000	584
3100000	696
3200000	720
3300000	640
3400000	654
3500000	758
3600000	672
3700000	724
3800000	686
3900000	898
4000000	904
4100000	1074
4200000	1216
4300000	1362
4400000	1210
4500000	1402
4600000	1596
4700000	1712
4800000	1718
4900000	1950
5000000	1910
5100000	2012
5200000	2042
5300000	2028
5400000	2132
5500000	2116
5600000	2226
5700000	2172
5800000	2190
5900000	2170
6000000	2274
6100000	2126
6200000	2220
6300000	2416
6400000	2498
6500000	2472
6600000	2372
6700000	2334
6800000	2464
6900000	2538
7000000	2598
7100000	2664
7200000	2618
7300000	2694
7400000	2720
7500000	2742
7600000	2826
7700000	2734
7800000	2768
7900000	2790
8000000	2880
8100000	2984
8200000	3060
8300000	3092
8400000	3048
8500000	3030
8600000	3228
8700000	3420
8800000	3460
8900000	3510
9000000	3578
9100000	3640
9200000	3632
9300000	3582
9400000	3744
9500000	3666
9600000	3660
9700000	3802
9800000	3758
9900000	3622
10000000	3554
10100000	3622
10200000	3724
10300000	3796
10400000	3762
10500000	3798
10600000	3862
10700000	3830
10800000	3942
10900000	3940
11000000	4146
11100000	4134
11200000	4056
11300000	3964
11400000	3752
11500000	3946
11600000	3886
11700000	3946
11800000	3842
11900000	3770
12000000	3950
12100000	3956
12200000	3954
12300000	4002
12400000	4116
12500000	4210
12600000	4102
12700000	4208
12800000	4302
12900000	4162
13000000	4190
13100000	4262
13200000	4424
13300000	4580
13400000	4554
13500000	4672
13600000	4844
13700000	4738
13800000	4762
13900000	4938
14000000	5024
14100000	5186
14200000	5064
14300000	5038
14400000	5074
14500000	5066
14600000	5184
14700000	5042
14800000	4956
14900000	5202
15000000	5262
15100000	5230
15200000	5144
15300000	5354
15400000	5254
15500000	5406
15600000	5478
15700000	5454
15800000	5594
15900000	5736
16000000	5668
16100000	5792
16200000	5890
16300000	5964
16400000	6074
16500000	6120
16600000	6172
16700000	6072
16800000	6258
16900000	6244
17000000	6294
17100000	6366
17200000	6388
17300000	6316
17400000	6420
17500000	6514
17600000	6612
17700000	6642
17800000	6684
17900000	6656
18000000	6754
18100000	6930
18200000	6826
18300000	6890
18400000	6842
18500000	6862
18600000	7048
18700000	6962
18800000	6932
18900000	7142
19000000	7242
19100000	7358
19200000	7378
19300000	7480
19400000	7418
19500000	7466
19600000	7560
19700000	7630
19800000	7656
19900000	7506
20000000	7480
20100000	7454
20200000	7598
20300000	7442
20400000	7358
20500000	7382
20600000	7488
20700000	7606
20800000	7520
20900000	7516
21000000	7486
21100000	7566
21200000	7730
21300000	7736
21400000	7910
21500000	7902
21600000	7906
21700000	8096
21800000	7968
21900000	8018
22000000	7924
22100000	8008
22200000	8074
22300000	8204
22400000	8238
22500000	8454
22600000	8362
22700000	8462
22800000	8548
22900000	8506
23000000	8488
23100000	8496
23200000	8496
23300000	8602
23400000	8576
23500000	8588
23600000	8666
23700000	8678
23800000	8788
23900000	8846
24000000	8926
24100000	9040
24200000	9058
24300000	9140
24400000	9174
24500000	9088
24600000	9142
24700000	9158
24800000	9216
24900000	9344
25000000	9452
25100000	9450
25200000	9506
25300000	9574
25400000	9602
25500000	9598
25600000	9642
25700000	9664
25800000	9766
25900000	9782
26000000	9784
26100000	9820
26200000	9774
26300000	9752
26400000	9804
26500000	9792
26600000	9790
26700000	9756
26800000	9802
26900000	9786
27000000	9842
27100000	9800
27200000	9776
27300000	9782
27400000	9798
27500000	9772
27600000	9790
27700000	9820
27800000	9808
27900000	9802
28000000	9834
28100000	9824
28200000	9786
28300000	9770
28400000	9822
28500000	9772
28600000	9772
28700000	9796
28800000	9830
28900000	9782
29000000	9804
29100000	9802
29200000	9778
29300000	9838
29400000	9778
29500000	9800
29600000	9832
29700000	9768
29800000	9810
29900000	9836
30000000	9840
30100000	9786
30200000	9756
30300000	9792
30400000	9804
30500000	9802
30600000	9772
30700000	9738
30800000	9746
30900000	9824
31000000	9766
31100000	9810
31200000	9766
31300000	9766
31400000	9794
31500000	9828
31600000	9814
31700000	9780
31800000	9840
31900000	9788
32000000	9830
32100000	9814
32200000	9796
32300000	9832
32400000	9738
32500000	9768
32600000	9770
32700000	9820
32800000	9802
32900000	9822
33000000	9778
33100000	9826
33200000	9816
33300000	9742
33400000	9786
33500000	9844
33600000	9802
33700000	9788
33800000	9774
33900000	9828
34000000	9816
34100000	9830
34200000	9804
34300000	9810
34400000	9746
34500000	9822
34600000	9782
34700000	9758
34800000	9740
34900000	9816
35000000	9812
35100000	9816
35200000	9790
35300000	9838
35400000	9836
35500000	9746
35600000	9820
35700000	9808
35800000	9788
35900000	9742
36000000	9824
36100000	9750
36200000	9806
36300000	9810
36400000	9772
36500000	9800
36600000	9790
36700000	9834
36800000	9784
36900000	9794
37000000	9822
37100000	9798
37200000	9800
37300000	9808
37400000	9802
37500000	9778
37600000	9740
37700000	9780
37800000	9754
37900000	9828
38000000	9804
38100000	9762
38200000	9836
38300000	9806
38400000	9798
38500000	9784
38600000	9778
38700000	9754
38800000	9832
38900000	9830
39000000	9776
39100000	9776
39200000	9856
39300000	9864
39400000	9808
39500000	9778
39600000	9792
39700000	9818
39800000	9794
39900000	9756
40000000	9790
40100000	9806
40200000	9750
40300000	9820
40400000	9770
40500000	9774
40600000	9810
40700000	9774
40800000	9796
40900000	9848
41000000	9804
41100000	9784
41200000	9730
41300000	9782
41400000	9792
41500000	9796
41600000	9786
41700000	9738
41800000	9808
41900000	9806
42000000	9800
42100000	9774
42200000	9796
42300000	9772
42400000	9816
42500000	9800
42600000	9814
42700000	9812
42800000	9794
42900000	9792
43000000	9788
43100000	9778
43200000	9762
43300000	9792
43400000	9788
43500000	9810
43600000	9758
43700000	9778
43800000	9816
43900000	9786
44000000	9778
44100000	9806
44200000	9814
44300000	9854
44400000	9844
44500000	9746
44600000	9808
44700000	9736
44800000	9764
44900000	9792
45000000	9798
45100000	9762
45200000	9800
45300000	9752
45400000	9770
45500000	9820
45600000	9828
45700000	9798
45800000	9838
45900000	9848
46000000	9778
46100000	9844
46200000	9792
46300000	9762
46400000	9800
46500000	9814
46600000	9796
46700000	9756
46800000	9870
46900000	9770
47000000	9792
47100000	9832
47200000	9822
47300000	9794
47400000	9792
47500000	9748
47600000	9830
47700000	9830
47800000	9792
47900000	9824
48000000	9772
48100000	9812
48200000	9804
48300000	9726
48400000	9828
48500000	9796
48600000	9826
48700000	9802
48800000	9784
48900000	9804
49000000	9772
49100000	9784
49200000	9750
49300000	9732
49400000	9784
49500000	9772
49600000	9772
49700000	9822
49800000	9806
49900000	9802
50000000	9830
50100000	9804
50200000	9812
50300000	9782
50400000	9780
50500000	9770
50600000	9788
50700000	9788
50800000	9762
50900000	9828
51000000	9822
51100000	9798
51200000	9780
51300000	9774
51400000	9820
51500000	9788
51600000	9808
51700000	9772
51800000	9778
51900000	9730
52000000	9794
52100000	9802
52200000	9826
52300000	9792
52400000	9810
52500000	9774
52600000	9770
52700000	9804
52800000	9754
52900000	9788
53000000	9754
53100000	9794
53200000	9818
53300000	9786
53400000	9746
53500000	9828
53600000	9792
53700000	9810
53800000	9828
53900000	9834
54000000	9764
54100000	9768
54200000	9766
54300000	9780
54400000	9808
54500000	9822
54600000	9790
54700000	9814
54800000	9742
54900000	9822
55000000	9800
55100000	9772
55200000	9802
55300000	9796
55400000	9788
55500000	9792
55600000	9810
55700000	9804
55800000	9814
55900000	9814
56000000	9760
56100000	9826
56200000	9830
56300000	9802
56400000	9786
56500000	9806
56600000	9832
56700000	9796
56800000	9794
56900000	9772
57000000	9786
57100000	9812
57200000	9748
57300000	9752
57400000	9786
57500000	9746
57600000	9808
57700000	9720
57800000	9812
57900000	9846
58000000	9822
58100000	9772
58200000	9768
58300000	9748
58400000	9784
58500000	9792
58600000	9728
58700000	9786
58800000	9846
58900000	9776
59000000	9784
59100000	9792
59200000	9832
59300000	9812
59400000	9826
59500000	9832
59600000	9790
59700000	9780
59800000	9818
59900000	9778
60000000	9774
60100000	9822
60200000	9786
60300000	9776
60400000	9794
60500000	9802
60600000	9820
60700000	9800
60800000	9800
60900000	9818
61000000	9800
61100000	9786
61200000	9772
61300000	9810
61400000	9750
61500000	9816
61600000	9794
61700000	9768
61800000	9758
61900000	9792
62000000	9808
62100000	9822
62200000	9770
62300000	9796
62400000	9754
62500000	9750
62600000	9838
62700000	9816
62800000	9770
62900000	9754
63000000	9790
63100000	9782
63200000	9830
63300000	9780
63400000	9776
63500000	9770
63600000	9788
63700000	9794
63800000	9802
63900000	9802
64000000	9802
64100000	9770
64200000	9786
64300000	9820
64400000	9788
64500000	9838
64600000	9788
64700000	9792
64800000	9762
64900000	9760
65000000	9826
65100000	9798
65200000	9808
65300000	9776
65400000	9810
65500000	9794
65600000	9782
65700000	9728
65800000	9780
65900000	9802
66000000	9812
66100000	9824
66200000	9792
66300000	9778
66400000	9792
66500000	9772
66600000	9824
66700000	9790
66800000	9812
66900000	9842
67000000	9834
67100000	9812
67200000	9810
67300000	9804
67400000	9828
67500000	9784
67600000	9770
67700000	9826
67800000	9786
67900000	9778
68000000	9824
68100000	9772
68200000	9758
68300000	9782
68400000	9800
68500000	9764
68600000	9776
68700000	9822
68800000	9802
68900000	9746
69000000	9808
69100000	9832
69200000	9818
69300000	9774
69400000	9778
69500000	9828
69600000	9766
69700000	9746
69800000	9778
69900000	9768
70000000	9758
70100000	9732
70200000	9810
70300000	9776
70400000	9824
70500000	9788
70600000	9766
70700000	9792
70800000	9786
70900000	9828
71000000	9778
71100000	9762
71200000	9824
71300000	9816
71400000	9782
71500000	9818
71600000	9832
71700000	9834
71800000	9820
71900000	9792
72000000	9764
72100000	9774
72200000	9826
72300000	9818
72400000	9766
72500000	9806
72600000	9792
72700000	9788
72800000	9790
72900000	9794
73000000	9780
73100000	9742
73200000	9826
73300000	9820
73400000	9794
73500000	9828
73600000	9800
73700000	9744
73800000	9780
73900000	9770
74000000	9780
74100000	9820
74200000	9780
74300000	9792
74400000	9824
74500000	9776
74600000	9778
74700000	9804
74800000	9772
74900000	9780
75000000	9830
75100000	9870
75200000	9780
75300000	9790
75400000	9738
75500000	9792
75600000	9790
75700000	9774
75800000	9794
75900000	9826
76000000	9838
76100000	9796
76200000	9826
76300000	9830
76400000	9824
76500000	9784
76600000	9798
76700000	9716
76800000	9788
76900000	9836
77000000	9810
77100000	9786
77200000	9794
77300000	9798
77400000	9812
77500000	9832
77600000	9824
77700000	9784
77800000	9752
77900000	9832
78000000	9708
78100000	9816
78200000	9778
78300000	9774
78400000	9848
78500000	9770
78600000	9818
78700000	9790
78800000	9778
78900000	9798
79000000	9800
79100000	9766
79200000	9820
79300000	9808
79400000	9780
79500000	9794
79600000	9826
79700000	9782
79800000	9804
79900000	9806
80000000	9800
80100000	9838
80200000	9802
80300000	9786
80400000	9788
80500000	9786
80600000	9776
80700000	9844
80800000	9816
80900000	9784
81000000	9784
81100000	9764
81200000	9826
81300000	9750
81400000	9810
81500000	9806
81600000	9802
81700000	9796
81800000	9748
81900000	9766
82000000	9796
82100000	9776
82200000	9818
82300000	9780
82400000	9792
82500000	9792
82600000	9806
82700000	9794
82800000	9778
82900000	9758
83000000	9760
83100000	9792
83200000	9798
83300000	9770
83400000	9768
83500000	9800
83600000	9802
83700000	9756
83800000	9784
83900000	9840
84000000	9754
84100000	9758
84200000	9852
84300000	9828
84400000	9808
84500000	9776
84600000	9810
84700000	9800
84800000	9788
84900000	9820
85000000	9794
85100000	9762
85200000	9794
85300000	9810
85400000	9800
85500000	9780
85600000	9820
85700000	9820
85800000	9832
85900000	9820
86000000	9776
86100000	9822
86200000	9810
86300000	9740
86400000	9802
86500000	9788
86600000	9790
86700000	9852
86800000	9812
86900000	9832
87000000	9750
87100000	9852
87200000	9748
87300000	9812
87400000	9818
87500000	9764
87600000	9794
87700000	9792
87800000	9758
87900000	9820
88000000	9774
88100000	9786
88200000	9756
88300000	9772
88400000	9816
88500000	9776
88600000	9802
88700000	9820
88800000	9736
88900000	9814
89000000	9822
89100000	9768
89200000	9736
89300000	9736
89400000	9776
89500000	9826
89600000	9774
89700000	9832
89800000	9832
89900000	9822
90000000	9830
90100000	9824
90200000	9806
90300000	9834
90400000	9802
90500000	9794
90600000	9760
90700000	9818
90800000	9808
90900000	9786
91000000	9800
91100000	9778
91200000	9736
91300000	9740
91400000	9826
91500000	9808
91600000	9784
91700000	9818
91800000	9766
91900000	9774
92000000	9806
92100000	9822
92200000	9800
92300000	9818
92400000	9792
92500000	9802
92600000	9796
92700000	9824
92800000	9750
92900000	9826
93000000	9738
93100000	9782
93200000	9816
93300000	9770
93400000	9740
93500000	9838
93600000	9748
93700000	9810
93800000	9802
93900000	9856
94000000	9782
94100000	9798
94200000	9782
94300000	9790
94400000	9764
94500000	9802
94600000	9770
94700000	9808
94800000	9796
94900000	9794
95000000	9746
95100000	9782
95200000	9818
95300000	9828
95400000	9790
95500000	9772
95600000	9806
95700000	9844
95800000	9808
95900000	9802
96000000	9848
96100000	9794
96200000	9814
96300000	9792
96400000	9782
96500000	9814
96600000	9804
96700000	9820
96800000	9808
96900000	9818
97000000	9796
97100000	9794
97200000	9822
97300000	9808
97400000	9782
97500000	9788
97600000	9770
97700000	9814
97800000	9820
97900000	9808
98000000	9776
98100000	9812
98200000	9788
98300000	9772
98400000	9856
98500000	9774
98600000	9824
98700000	9804
98800000	9794
98900000	9816
99000000	9768
99100000	9754
99200000	9776
99300000	9798
99400000	9810
99500000	9820
99600000	9832
99700000	9770
99800000	9786
99900000	9824
