0	-30
100000	-154
200000	38
300000	496
400000	554
500000	566
600000	-136
700000	548
800000	202
900000	-168
1000000	392
1100000	558
1200000	766
1300000	210
1400000	448
1500000	484
1600000	254
1700000	392
1800000	626
1900000	62
2000000	144
2100000	-510
2200000	-212
2300000	-262
2400000	-638
2500000	-890
2600000	-412
2700000	210
2800000	-354
2900000	352
3000000	-224
3100000	42
3200000	78
3300000	-264
3400000	324
3500000	-196
3600000	-280
3700000	-222
3800000	338
3900000	820
4000000	942
4100000	126
4200000	-26
4300000	-80
4400000	-122
4500000	-98
4600000	-66
4700000	228
4800000	246
4900000	76
5000000	-70
5100000	378
5200000	706
5300000	586
5400000	-164
5500000	-148
5600000	-416
5700000	-346
5800000	-136
5900000	254
6000000	386
6100000	484
6200000	62
6300000	68
6400000	250
6500000	-68
6600000	402
6700000	948
6800000	612
6900000	430
7000000	-74
7100000	198
7200000	458
7300000	314
7400000	-926
7500000	-848
7600000	-458
7700000	-396
7800000	44
7900000	188
8000000	-254
8100000	82
8200000	372
8300000	336
8400000	158
8500000	-430
8600000	-232
8700000	532
8800000	-508
8900000	24
9000000	616
9100000	534
9200000	222
9300000	234
9400000	-306
9500000	-524
9600000	-250
9700000	-320
9800000	-766
9900000	-304
10000000	118
10100000	134
10200000	256
10300000	-154
10400000	72
10500000	-22
10600000	-56
10700000	-300
10800000	-300
10900000	-332
11000000	994
11100000	902
11200000	-34
11300000	50
11400000	512
11500000	520
11600000	356
11700000	444
11800000	12
11900000	-16
12000000	486
12100000	524
12200000	-40
12300000	-92
12400000	-166
12500000	414
12600000	-218
12700000	416
12800000	-34
12900000	592
13000000	306
13100000	-92
13200000	-162
13300000	180
13400000	88
13500000	-498
13600000	-976
13700000	-410
13800000	-202
13900000	508
14000000	216
14100000	258
14200000	-34
14300000	-82
14400000	42
14500000	-156
14600000	532
14700000	720
14800000	662
14900000	240
15000000	118
15100000	-334
15200000	-88
15300000	154
15400000	74
15500000	126
15600000	136
15700000	468
15800000	416
15900000	296
16000000	46
16100000	-294
16200000	20
16300000	-60
16400000	288
16500000	400
16600000	192
16700000	374
16800000	458
16900000	120
17000000	-158
17100000	-30
17200000	252
17300000	-52
17400000	-390
17500000	-464
17600000	-792
17700000	-396
17800000	322
17900000	742
18000000	-236
18100000	-100
18200000	270
18300000	-106
18400000	-58
18500000	-320
18600000	-580
18700000	34
18800000	154
18900000	736
19000000	-82
19100000	-294
19200000	-340
19300000	304
19400000	-282
19500000	438
19600000	98
19700000	78
19800000	-22
19900000	-140
20000000	-128
20100000	-390
20200000	-24
20300000	-46
20400000	-202
20500000	628
20600000	-94
20700000	-510
20800000	72
20900000	-328
21000000	-378
21100000	230
21200000	-176
21300000	-490
21400000	-78
21500000	216
21600000	302
21700000	-110
21800000	-120
21900000	204
22000000	58
22100000	392
22200000	686
22300000	416
22400000	-178
22500000	106
22600000	-164
22700000	-82
22800000	-184
22900000	-1012
23000000	0
23100000	456
23200000	296
23300000	202
23400000	362
23500000	50
23600000	434
23700000	-72
23800000	-522
23900000	348
24000000	-194
24100000	-32
24200000	-52
24300000	74
24400000	174
24500000	572
24600000	514
24700000	382
24800000	-198
24900000	154
25000000	112
25100000	30
25200000	-60
25300000	-370
25400000	-14
25500000	18
25600000	38
25700000	34
25800000	454
25900000	320
26000000	-32
26100000	-66
26200000	20
26300000	-376
26400000	-174
26500000	-150
26600000	-214
26700000	-350
26800000	-20
26900000	110
27000000	-4
27100000	-356
27200000	-68
27300000	-218
27400000	-828
27500000	-578
27600000	-90
27700000	106
27800000	268
27900000	472
28000000	366
28100000	-342
28200000	-186
28300000	-230
28400000	-156
28500000	-322
28600000	656
28700000	154
28800000	-94
28900000	410
29000000	498
29100000	588
29200000	82
29300000	-128
29400000	246
29500000	150
29600000	-36
29700000	-350
29800000	-16
29900000	120
30000000	486
30100000	840
30200000	574
30300000	572
30400000	492
30500000	418
30600000	340
30700000	496
30800000	346
30900000	76
31000000	-26
31100000	124
31200000	62
31300000	468
31400000	8
31500000	-302
31600000	-514
31700000	-338
31800000	176
31900000	-58
32000000	-36
32100000	-262
32200000	172
32300000	48
32400000	228
32500000	0
32600000	120
32700000	802
32800000	482
32900000	-186
33000000	-350
33100000	68
33200000	-10
33300000	236
33400000	-90
33500000	-64
33600000	-578
33700000	-266
33800000	-2
33900000	614
34000000	194
34100000	392
34200000	830
34300000	508
34400000	42
34500000	282
34600000	298
34700000	596
34800000	338
34900000	334
35000000	248
35100000	270
35200000	-126
35300000	-174
35400000	-454
35500000	-376
35600000	-422
35700000	-140
35800000	-342
35900000	-140
36000000	-208
36100000	8
36200000	-56
36300000	48
36400000	122
36500000	-30
36600000	-38
36700000	404
36800000	-144
36900000	-188
37000000	-44
37100000	-386
37200000	-422
37300000	-134
37400000	-596
37500000	-138
37600000	-374
37700000	-706
37800000	-518
37900000	-328
38000000	-8
38100000	90
38200000	-100
38300000	-254
38400000	90
38500000	106
38600000	60
38700000	706
38800000	522
38900000	-108
39000000	-240
39100000	-438
39200000	-270
39300000	180
39400000	330
39500000	376
39600000	612
39700000	102
39800000	-144
39900000	212
40000000	170
40100000	158
40200000	44
40300000	-460
40400000	246
40500000	300
40600000	-94
40700000	-12
40800000	-264
40900000	-56
41000000	310
41100000	-578
41200000	-864
41300000	-662
41400000	-674
41500000	-622
41600000	-114
41700000	8
41800000	-74
41900000	-28
42000000	-302
42100000	202
42200000	38
42300000	-232
42400000	-286
42500000	-22
42600000	150
42700000	168
42800000	-170
42900000	376
43000000	2
43100000	-482
43200000	-248
43300000	-318
43400000	214
43500000	378
43600000	-68
43700000	-36
43800000	144
43900000	4
44000000	128
44100000	110
44200000	292
44300000	-106
44400000	-254
44500000	690
44600000	360
44700000	510
44800000	224
44900000	38
45000000	-420
45100000	-446
45200000	72
45300000	420
45400000	160
45500000	-54
45600000	342
45700000	94
45800000	494
45900000	142
46000000	-70
46100000	-198
46200000	-484
46300000	-358
46400000	-680
46500000	-524
46600000	-472
46700000	-472
46800000	-282
46900000	-506
47000000	86
47100000	-388
47200000	162
47300000	288
47400000	-66
47500000	244
47600000	-326
47700000	104
47800000	-260
47900000	-534
48000000	-670
48100000	-252
48200000	-154
48300000	358
48400000	154
48500000	-220
48600000	16
48700000	-106
48800000	-84
48900000	-188
49000000	368
49100000	944
49200000	138
49300000	-188
49400000	184
49500000	138
49600000	76
49700000	52
49800000	114
49900000	-280
50000000	-570
50100000	-400
50200000	-598
50300000	44
50400000	-278
50500000	152
50600000	40
50700000	126
50800000	6
50900000	-178
51000000	-72
51100000	100
51200000	328
51300000	-368
51400000	-134
51500000	-216
51600000	620
51700000	508
51800000	-36
51900000	-504
52000000	-366
52100000	-492
52200000	48
52300000	18
52400000	-82
52500000	-472
52600000	-168
52700000	172
52800000	184
52900000	386
53000000	80
53100000	-208
53200000	-292
53300000	-262
53400000	-44
53500000	112
53600000	242
53700000	-238
53800000	60
53900000	-84
54000000	-210
54100000	176
54200000	328
54300000	-542
54400000	-282
54500000	-238
54600000	302
54700000	180
54800000	314
54900000	-286
55000000	-300
55100000	20
55200000	-454
55300000	-474
55400000	-38
55500000	-114
55600000	188
55700000	538
55800000	410
55900000	64
56000000	-234
56100000	-412
56200000	-310
56300000	-236
56400000	-104
56500000	372
56600000	894
56700000	580
56800000	762
56900000	-144
57000000	-112
57100000	-238
57200000	-654
57300000	122
57400000	666
57500000	274
57600000	374
57700000	172
57800000	384
57900000	-366
58000000	-180
58100000	206
58200000	198
58300000	122
58400000	18
58500000	-156
58600000	-2
58700000	266
58800000	-26
58900000	422
59000000	114
59100000	276
59200000	-48
59300000	-12
59400000	-48
59500000	260
59600000	198
59700000	-90
59800000	62
59900000	72
60000000	-82
60100000	-244
60200000	74
60300000	416
60400000	366
60500000	328
60600000	326
60700000	58
60800000	-12
60900000	128
61000000	-18
61100000	458
61200000	4
61300000	232
61400000	152
61500000	-28
61600000	-216
61700000	-268
61800000	-374
61900000	36
62000000	66
62100000	-268
62200000	114
62300000	-234
62400000	-8
62500000	664
62600000	120
62700000	214
62800000	-520
62900000	-190
63000000	-316
63100000	338
63200000	190
63300000	72
63400000	416
63500000	360
63600000	-162
63700000	-532
63800000	62
63900000	132
64000000	-196
64100000	-150
64200000	114
64300000	-250
64400000	-288
64500000	-18
64600000	-452
64700000	-562
64800000	18
64900000	-56
65000000	136
65100000	56
65200000	136
65300000	34
65400000	118
65500000	-282
65600000	-156
65700000	94
65800000	740
65900000	294
66000000	-174
66100000	160
66200000	-86
66300000	-304
66400000	416
66500000	706
66600000	-342
66700000	-126
66800000	450
66900000	-62
67000000	-108
67100000	-870
67200000	-16
67300000	-38
67400000	40
67500000	390
67600000	510
67700000	224
67800000	310
67900000	264
68000000	456
68100000	92
68200000	-10
68300000	24
68400000	436
68500000	294
68600000	142
68700000	584
68800000	-24
68900000	-74
69000000	486
69100000	242
69200000	-12
69300000	76
69400000	158
69500000	-334
69600000	-154
69700000	-148
69800000	-240
69900000	-242
70000000	-88
70100000	-540
70200000	82
70300000	244
70400000	-360
70500000	166
70600000	202
70700000	36
70800000	190
70900000	542
71000000	310
71100000	-148
71200000	-466
71300000	-130
71400000	-70
71500000	-208
71600000	168
71700000	-282
71800000	0
71900000	-58
72000000	-62
72100000	-86
72200000	-204
72300000	16
72400000	612
72500000	-210
72600000	-510
72700000	-124
72800000	-366
72900000	-348
73000000	4
73100000	-246
73200000	-218
73300000	-44
73400000	-22
73500000	-26
73600000	-50
73700000	-440
73800000	-536
73900000	-384
74000000	-292
74100000	304
74200000	252
74300000	-520
74400000	-48
74500000	-112
74600000	62
74700000	20
74800000	138
74900000	-36
75000000	286
75100000	428
75200000	458
75300000	276
75400000	-92
75500000	310
75600000	218
75700000	320
75800000	372
75900000	344
76000000	490
76100000	4
76200000	-60
76300000	146
76400000	20
76500000	-368
76600000	-612
76700000	-566
76800000	-446
76900000	-546
77000000	-72
77100000	40
77200000	-204
77300000	614
77400000	688
77500000	452
77600000	366
77700000	210
77800000	78
77900000	-406
78000000	180
78100000	310
78200000	-476
78300000	-588
78400000	-504
78500000	-186
78600000	184
78700000	-284
78800000	-106
78900000	78
79000000	-82
79100000	256
79200000	432
79300000	-226
79400000	60
79500000	134
79600000	-310
79700000	-330
79800000	-524
79900000	-176
80000000	-354
80100000	-354
80200000	12
80300000	-36
80400000	-170
80500000	186
80600000	326
80700000	422
80800000	-18
80900000	270
81000000	64
81100000	-560
81200000	-130
81300000	278
81400000	182
81500000	-344
81600000	-228
81700000	314
81800000	58
81900000	-352
82000000	-274
82100000	-204
82200000	-116
82300000	170
82400000	-120
82500000	400
82600000	-112
82700000	-498
82800000	-364
82900000	-152
83000000	-332
83100000	-78
83200000	364
83300000	-146
83400000	374
83500000	308
83600000	-526
83700000	-552
83800000	-448
83900000	-40
84000000	-172
84100000	-90
84200000	-620
84300000	-746
84400000	262
84500000	-186
84600000	426
84700000	-116
84800000	266
84900000	-210
85000000	200
85100000	668
85200000	536
85300000	268
85400000	116
85500000	194
85600000	-70
85700000	-372
85800000	102
85900000	158
86000000	86
86100000	-230
86200000	-394
86300000	-402
86400000	74
86500000	106
86600000	82
86700000	66
86800000	486
86900000	-228
87000000	-702
87100000	-166
87200000	250
87300000	-218
87400000	-118
87500000	-218
87600000	-456
87700000	-174
87800000	86
87900000	252
88000000	-58
88100000	562
88200000	400
88300000	330
88400000	418
88500000	68
88600000	-114
88700000	88
88800000	-82
88900000	-62
89000000	84
89100000	-24
89200000	516
89300000	-358
89400000	182
89500000	-156
89600000	-282
89700000	300
89800000	26
89900000	152
90000000	-122
90100000	256
90200000	190
90300000	-156
90400000	-250
90500000	-70
90600000	368
90700000	190
90800000	346
90900000	-28
91000000	52
91100000	-48
91200000	12
91300000	370
91400000	28
91500000	-174
91600000	314
91700000	358
91800000	252
91900000	202
92000000	214
92100000	174
92200000	-96
92300000	-258
92400000	408
92500000	-74
92600000	256
92700000	312
92800000	120
92900000	402
93000000	-112
93100000	-612
93200000	-730
93300000	-440
93400000	-734
93500000	-316
93600000	-454
93700000	358
93800000	202
93900000	174
94000000	-178
94100000	354
94200000	560
94300000	324
94400000	642
94500000	290
94600000	-98
94700000	250
94800000	394
94900000	374
95000000	22
95100000	112
95200000	534
95300000	-276
95400000	8
95500000	-656
95600000	-178
95700000	232
95800000	112
95900000	-150
96000000	-52
96100000	250
96200000	-66
96300000	92
96400000	118
96500000	-110
96600000	-266
96700000	70
96800000	-114
96900000	-186
97000000	134
97100000	-346
97200000	-206
97300000	-390
97400000	24
97500000	626
97600000	272
97700000	-248
97800000	98
97900000	-396
98000000	-354
98100000	-520
98200000	-646
98300000	-512
98400000	-760
98500000	-334
98600000	-336
98700000	-518
98800000	-130
98900000	-152
99000000	184
99100000	130
99200000	280
99300000	-148
99400000	126
99500000	64
99600000	-262
99700000	-534
99800000	-202
99900000	26
