0	98
100000	274
200000	454
300000	184
400000	316
500000	608
600000	650
700000	622
800000	1174
900000	1248
1000000	1414
1100000	1262
1200000	1110
1300000	1016
1400000	1236
1500000	1014
1600000	640
1700000	794
1800000	716
1900000	536
2000000	354
2100000	574
2200000	718
2300000	784
2400000	814
2500000	876
2600000	1150
2700000	1108
2800000	1124
2900000	1314
3000000	1288
3100000	1696
3200000	1778
3300000	1742
3400000	1450
3500000	1612
3600000	1422
3700000	1308
3800000	1510
3900000	1586
4000000	1420
4100000	1490
4200000	1532
4300000	1598
4400000	1544
4500000	1848
4600000	1592
4700000	1538
4800000	1226
4900000	1218
5000000	1498
5100000	1438
5200000	1352
5300000	1500
5400000	1650
5500000	1802
5600000	1800
5700000	1788
5800000	1854
5900000	1882
6000000	1984
6100000	2038
6200000	2030
6300000	1932
6400000	1878
6500000	1768
6600000	1744
6700000	1744
6800000	1638
6900000	1468
7000000	1776
7100000	1660
7200000	2014
7300000	1942
7400000	2026
7500000	2038
7600000	2290
7700000	2508
7800000	2402
7900000	2510
8000000	2582
8100000	3082
8200000	2734
8300000	2970
8400000	3164
8500000	3246
8600000	3296
8700000	3224
8800000	3160
8900000	3408
9000000	3136
9100000	3314
9200000	3338
9300000	3516
9400000	3312
9500000	3348
9600000	3542
9700000	3426
9800000	3618
9900000	3598
10000000	3524
10100000	3622
10200000	3692
10300000	3638
10400000	3884
10500000	3678
10600000	3520
10700000	3608
10800000	3540
10900000	3554
11000000	3590
11100000	3436
11200000	3664
11300000	3402
11400000	3456
11500000	3448
11600000	3472
11700000	3286
11800000	3404
11900000	3576
12000000	3602
12100000	3562
12200000	3594
12300000	3414
12400000	3428
12500000	3462
12600000	3528
12700000	3742
12800000	3624
12900000	3568
13000000	3648
13100000	3680
13200000	3390
13300000	3506
13400000	3492
13500000	3408
13600000	3602
13700000	3602
13800000	3494
13900000	3672
14000000	3438
14100000	3690
14200000	3558
14300000	3710
14400000	3658
14500000	3714
14600000	3476
14700000	3254
14800000	3306
14900000	3152
15000000	3050
15100000	2896
15200000	2856
15300000	2694
15400000	2662
15500000	2592
15600000	2478
15700000	2566
15800000	2558
15900000	2580
16000000	2556
16100000	2480
16200000	2706
16300000	2854
16400000	2770
16500000	2832
16600000	2864
16700000	2686
16800000	2474
16900000	2748
17000000	2794
17100000	2936
17200000	2796
17300000	2900
17400000	2936
17500000	3066
17600000	3066
17700000	2738
17800000	2964
17900000	2788
18000000	2658
18100000	2718
18200000	2728
18300000	2736
18400000	2846
18500000	2538
18600000	2714
18700000	2926
18800000	3002
18900000	2812
19000000	3120
19100000	3286
19200000	3214
19300000	3058
19400000	3190
19500000	2960
19600000	3086
19700000	2848
19800000	3056
19900000	3258
20000000	3382
20100000	3354
20200000	3270
20300000	3386
20400000	3440
20500000	3346
20600000	3334
20700000	3490
20800000	3324
20900000	3518
21000000	3464
21100000	3202
21200000	3438
21300000	3486
21400000	3308
21500000	3342
21600000	3226
21700000	3330
21800000	3332
21900000	3446
22000000	3342
22100000	3224
22200000	3244
22300000	3232
22400000	3168
22500000	3360
22600000	3284
22700000	3004
22800000	2648
22900000	2526
23000000	2494
23100000	2484
23200000	2388
23300000	2336
23400000	2226
23500000	2112
23600000	2150
23700000	2106
23800000	1818
23900000	2058
24000000	1926
24100000	2072
24200000	2234
24300000	2122
24400000	2146
24500000	2070
24600000	2068
24700000	1912
24800000	2334
24900000	2242
25000000	2300
25100000	2260
25200000	2408
25300000	2296
25400000	2206
25500000	2534
25600000	2452
25700000	2328
25800000	2546
25900000	2682
26000000	2948
26100000	2876
26200000	3064
26300000	2894
26400000	3100
26500000	3038
26600000	2926
26700000	2878
26800000	2678
26900000	2878
27000000	2632
27100000	2582
27200000	2556
27300000	2764
27400000	2626
27500000	2592
27600000	2606
27700000	2464
27800000	2564
27900000	2640
28000000	2292
28100000	2376
28200000	2238
28300000	2260
28400000	2434
28500000	2196
28600000	2328
28700000	2232
28800000	2296
28900000	2430
29000000	2322
29100000	2434
29200000	2262
29300000	2298
29400000	2692
29500000	2608
29600000	2614
29700000	2500
29800000	2634
29900000	2722
30000000	2652
30100000	2768
30200000	2768
30300000	2730
30400000	2848
30500000	2730
30600000	2824
30700000	2628
30800000	2968
30900000	2854
31000000	2850
31100000	2946
31200000	2862
31300000	3076
31400000	3020
31500000	2892
31600000	2774
31700000	2768
31800000	2520
31900000	2232
32000000	1976
32100000	1868
32200000	1802
32300000	1832
32400000	1986
32500000	1868
32600000	1776
32700000	1730
32800000	1468
32900000	1474
33000000	1792
33100000	1754
33200000	2050
33300000	2152
33400000	2134
33500000	1940
33600000	2086
33700000	1928
33800000	1910
33900000	1918
34000000	1876
34100000	2174
34200000	2108
34300000	2236
34400000	2052
34500000	2158
34600000	2388
34700000	2826
34800000	3086
34900000	3026
35000000	3036
35100000	2958
35200000	2792
35300000	2958
35400000	2872
35500000	2992
35600000	2866
35700000	2514
35800000	2536
35900000	2420
36000000	2644
36100000	2634
36200000	2612
36300000	2654
36400000	2612
36500000	2628
36600000	2890
36700000	2950
36800000	2714
36900000	2944
37000000	3090
37100000	2976
37200000	3014
37300000	2938
37400000	3038
37500000	2648
37600000	2744
37700000	2382
37800000	2548
37900000	2874
38000000	2652
38100000	2824
38200000	2930
38300000	2964
38400000	2750
38500000	2730
38600000	2684
38700000	2536
38800000	2566
38900000	2380
39000000	2406
39100000	2414
39200000	2428
39300000	2392
39400000	2388
39500000	2444
39600000	2324
39700000	2168
39800000	2566
39900000	2802
40000000	2490
40100000	2264
40200000	2310
40300000	2184
40400000	2352
40500000	2228
40600000	2448
40700000	2506
40800000	2588
40900000	2838
41000000	2504
41100000	2376
41200000	2380
41300000	2398
41400000	1972
41500000	1994
41600000	1882
41700000	1922
41800000	2082
41900000	2314
42000000	2252
42100000	2124
42200000	1978
42300000	2018
42400000	2096
42500000	2068
42600000	2092
42700000	1958
42800000	1970
42900000	2130
43000000	2156
43100000	2110
43200000	2190
43300000	2030
43400000	1950
43500000	1912
43600000	1852
43700000	1876
43800000	2018
43900000	1758
44000000	1700
44100000	1702
44200000	1550
44300000	1268
44400000	1540
44500000	1568
44600000	1628
44700000	1664
44800000	1404
44900000	1618
45000000	1776
45100000	1792
45200000	1812
45300000	1518
45400000	1368
45500000	1438
45600000	1634
45700000	1528
45800000	1398
45900000	1532
46000000	1834
46100000	1790
46200000	1682
46300000	1652
46400000	1672
46500000	1694
46600000	1562
46700000	1676
46800000	1850
46900000	1890
47000000	1944
47100000	1808
47200000	1746
47300000	1694
47400000	1440
47500000	1584
47600000	1708
47700000	1674
47800000	1498
47900000	1634
48000000	1662
48100000	1748
48200000	1670
48300000	1656
48400000	1574
48500000	1654
48600000	1680
48700000	1652
48800000	1734
48900000	1782
49000000	1822
49100000	1692
49200000	1718
49300000	1638
49400000	1700
49500000	1748
49600000	1914
49700000	1894
49800000	2078
49900000	2094
50000000	2068
50100000	2040
50200000	1996
50300000	2046
50400000	1824
50500000	1750
50600000	1794
50700000	1852
50800000	1916
50900000	2012
51000000	1922
51100000	2040
51200000	2090
51300000	1908
51400000	1932
51500000	1804
51600000	1784
51700000	2008
51800000	2048
51900000	1926
52000000	1990
52100000	2084
52200000	2286
52300000	2326
52400000	2288
52500000	2028
52600000	2162
52700000	2268
52800000	2140
52900000	2364
53000000	2498
53100000	2528
53200000	2744
53300000	2824
53400000	2884
53500000	2948
53600000	2922
53700000	2728
53800000	2668
53900000	2600
54000000	2402
54100000	2568
54200000	2462
54300000	2690
54400000	2504
54500000	2540
54600000	2658
54700000	2772
54800000	2682
54900000	2878
55000000	2736
55100000	2630
55200000	2576
55300000	2652
55400000	2904
55500000	3090
55600000	2830
55700000	2838
55800000	2518
55900000	2678
56000000	2850
56100000	2908
56200000	3020
56300000	2928
56400000	2954
56500000	3406
56600000	3012
56700000	3116
56800000	3106
56900000	3216
57000000	3214
57100000	3344
57200000	3328
57300000	3126
57400000	3010
57500000	2892
57600000	3004
57700000	2864
57800000	3078
57900000	2830
58000000	2924
58100000	3058
58200000	2986
58300000	2796
58400000	2796
58500000	2826
58600000	2700
58700000	2896
58800000	2964
58900000	2902
59000000	2884
59100000	2840
59200000	2700
59300000	2702
59400000	2618
59500000	2490
59600000	2606
59700000	2856
59800000	2634
59900000	2646
60000000	2464
60100000	2418
60200000	2474
60300000	2734
60400000	2560
60500000	2350
60600000	2572
60700000	2408
60800000	2430
60900000	2606
61000000	2688
61100000	2728
61200000	2658
61300000	2824
61400000	2882
61500000	2750
61600000	2750
61700000	2802
61800000	2604
61900000	2874
62000000	2962
62100000	2870
62200000	2994
62300000	2992
62400000	3004
62500000	3084
62600000	3232
62700000	3072
62800000	2830
62900000	3004
63000000	2934
63100000	2910
63200000	2946
63300000	3096
63400000	3312
63500000	3166
63600000	3354
63700000	3296
63800000	3394
63900000	3362
64000000	3362
64100000	3228
64200000	3238
64300000	3300
64400000	3434
64500000	3622
64600000	3562
64700000	3446
64800000	3778
64900000	4010
65000000	3706
65100000	3848
65200000	3862
65300000	4192
65400000	4076
65500000	4380
65600000	4226
65700000	4208
65800000	4220
65900000	4136
66000000	4254
66100000	4540
66200000	4486
66300000	4790
66400000	4742
66500000	4592
66600000	4172
66700000	4476
66800000	4454
66900000	4450
67000000	4430
67100000	4420
67200000	4510
67300000	4804
67400000	4530
67500000	4462
67600000	4292
67700000	4406
67800000	4406
67900000	4046
68000000	4228
68100000	4256
68200000	4364
68300000	4468
68400000	4416
68500000	4428
68600000	4586
68700000	4574
68800000	4164
68900000	4244
69000000	4110
69100000	4232
69200000	4414
69300000	4168
69400000	4262
69500000	4276
69600000	4240
69700000	4050
69800000	4106
69900000	4132
70000000	4036
70100000	3942
70200000	3712
70300000	3488
70400000	3470
70500000	3330
70600000	3202
70700000	3384
70800000	3260
70900000	3286
71000000	3162
71100000	3238
71200000	3156
71300000	3360
71400000	3036
71500000	3006
71600000	2774
71700000	2794
71800000	2752
71900000	2908
72000000	2974
72100000	2914
72200000	2654
72300000	2558
72400000	2790
72500000	2666
72600000	2624
72700000	2694
72800000	2648
72900000	2602
73000000	2602
73100000	2634
73200000	2592
73300000	2532
73400000	2384
73500000	2452
73600000	2398
73700000	2654
73800000	2610
73900000	2696
74000000	2594
74100000	2630
74200000	2930
74300000	2710
74400000	2948
74500000	2914
74600000	3006
74700000	3142
74800000	3206
74900000	3156
75000000	3556
75100000	3542
75200000	3578
75300000	3636
75400000	3256
75500000	3276
75600000	3398
75700000	3406
75800000	3512
75900000	3430
76000000	3122
76100000	2990
76200000	3132
76300000	2874
76400000	2608
76500000	2628
76600000	2600
76700000	2692
76800000	2618
76900000	2530
77000000	2344
77100000	2272
77200000	2164
77300000	1892
77400000	1794
77500000	1692
77600000	1642
77700000	1582
77800000	1466
77900000	1378
78000000	1252
78100000	1382
78200000	1054
78300000	1096
78400000	946
78500000	908
78600000	868
78700000	862
78800000	696
78900000	832
79000000	850
79100000	714
79200000	556
79300000	452
79400000	470
79500000	584
79600000	598
79700000	460
79800000	360
79900000	538
80000000	536
80100000	336
80200000	366
80300000	178
80400000	182
80500000	532
80600000	742
80700000	794
80800000	742
80900000	796
81000000	924
81100000	608
81200000	494
81300000	616
81400000	834
81500000	810
81600000	536
81700000	784
81800000	628
81900000	608
82000000	754
82100000	640
82200000	506
82300000	374
82400000	480
82500000	226
82600000	214
82700000	220
82800000	288
82900000	260
83000000	460
83100000	558
83200000	182
83300000	508
83400000	584
83500000	610
83600000	466
83700000	710
83800000	600
83900000	430
84000000	260
84100000	300
84200000	268
84300000	338
84400000	370
84500000	602
84600000	678
84700000	516
84800000	520
84900000	482
85000000	230
85100000	324
85200000	428
85300000	456
85400000	544
85500000	724
85600000	818
85700000	612
85800000	560
85900000	774
86000000	536
86100000	628
86200000	696
86300000	850
86400000	798
86500000	642
86600000	666
86700000	852
86800000	1112
86900000	990
87000000	1152
87100000	1432
87200000	1408
87300000	1272
87400000	1092
87500000	1020
87600000	1056
87700000	890
87800000	992
87900000	1080
88000000	1058
88100000	816
88200000	820
88300000	974
88400000	826
88500000	1200
88600000	1302
88700000	1130
88800000	1174
88900000	1146
89000000	1000
89100000	962
89200000	802
89300000	806
89400000	668
89500000	746
89600000	864
89700000	750
89800000	682
89900000	924
90000000	976
90100000	902
90200000	958
90300000	926
90400000	956
90500000	1012
90600000	1198
90700000	1348
90800000	1472
90900000	1466
91000000	1268
91100000	1378
91200000	1404
91300000	1128
91400000	1334
91500000	1116
91600000	1128
91700000	1240
91800000	1048
91900000	1134
92000000	934
92100000	1024
92200000	730
92300000	876
92400000	968
92500000	1004
92600000	1078
92700000	1030
92800000	1060
92900000	1214
93000000	1106
93100000	1414
93200000	1076
93300000	1094
93400000	1096
93500000	1396
93600000	1168
93700000	1290
93800000	1382
93900000	1504
94000000	1708
94100000	1534
94200000	1562
94300000	1760
94400000	1562
94500000	1124
94600000	956
94700000	1112
94800000	1018
94900000	1074
95000000	858
95100000	506
95200000	634
95300000	330
95400000	290
95500000	284
95600000	128
95700000	102
95800000	-6
95900000	-90
96000000	-74
96100000	-154
96200000	-396
96300000	-84
96400000	-438
96500000	-416
96600000	-412
96700000	-266
96800000	-102
96900000	-134
97000000	-82
97100000	74
97200000	24
97300000	178
97400000	250
97500000	290
97600000	250
97700000	162
97800000	368
97900000	604
98000000	560
98100000	562
98200000	652
98300000	442
98400000	678
98500000	858
98600000	800
98700000	854
98800000	700
98900000	698
99000000	758
99100000	620
99200000	728
99300000	836
99400000	682
99500000	476
99600000	508
99700000	334
99800000	176
99900000	176
