0	68
100000	214
200000	90
300000	540
400000	886
500000	1358
600000	1278
700000	628
800000	1126
900000	1026
1000000	604
1100000	-76
1200000	42
1300000	-200
1400000	-618
1500000	128
1600000	-102
1700000	-202
1800000	-520
1900000	-802
2000000	-1130
2100000	-1180
2200000	-436
2300000	-370
2400000	-658
2500000	-668
2600000	-386
2700000	-510
2800000	-790
2900000	-794
3000000	-564
3100000	-1082
3200000	-366
3300000	-174
3400000	824
3500000	836
3600000	920
3700000	774
3800000	476
3900000	902
4000000	1060
4100000	682
4200000	856
4300000	1274
4400000	1360
4500000	794
4600000	1664
4700000	854
4800000	1176
4900000	1036
5000000	1088
5100000	876
5200000	494
5300000	-226
5400000	-774
5500000	-972
5600000	-962
5700000	-1076
5800000	-628
5900000	-408
6000000	20
6100000	238
6200000	-108
6300000	-268
6400000	-56
6500000	-602
6600000	-746
6700000	-738
6800000	-514
6900000	14
7000000	2
7100000	324
7200000	912
7300000	1208
7400000	1266
7500000	604
7600000	-86
7700000	2
7800000	-220
7900000	70
8000000	-102
8100000	560
8200000	930
8300000	522
8400000	870
8500000	724
8600000	526
8700000	370
8800000	88
8900000	-566
9000000	-706
9100000	-130
9200000	82
9300000	-64
9400000	-1024
9500000	-1078
9600000	-714
9700000	-780
9800000	-1808
9900000	-820
10000000	-562
10100000	-166
10200000	414
10300000	700
10400000	1298
10500000	1312
10600000	836
10700000	956
10800000	884
10900000	684
11000000	864
11100000	828
11200000	900
11300000	1360
11400000	1340
11500000	826
11600000	1086
11700000	954
11800000	1456
11900000	918
12000000	1348
12100000	1334
12200000	1524
12300000	1764
12400000	2100
12500000	2192
12600000	2068
12700000	2550
12800000	2450
12900000	1940
13000000	1696
13100000	1510
13200000	1632
13300000	932
13400000	1098
13500000	742
13600000	584
13700000	348
13800000	114
13900000	92
14000000	-82
14100000	-216
14200000	-140
14300000	768
14400000	-88
14500000	166
14600000	142
14700000	-536
14800000	-1122
14900000	-982
15000000	-870
15100000	-808
15200000	-676
15300000	-500
15400000	-590
15500000	-508
15600000	-508
15700000	28
15800000	34
15900000	572
16000000	990
16100000	818
16200000	-12
16300000	-254
16400000	56
16500000	280
16600000	330
16700000	304
16800000	150
16900000	-254
17000000	-378
17100000	-452
17200000	-322
17300000	-606
17400000	-838
17500000	-738
17600000	-768
17700000	314
17800000	-92
17900000	220
18000000	616
18100000	452
18200000	130
18300000	26
18400000	-344
18500000	-136
18600000	-50
18700000	134
18800000	422
18900000	724
19000000	1226
19100000	784
19200000	132
19300000	-172
19400000	-290
19500000	388
19600000	464
19700000	372
19800000	10
19900000	-558
20000000	-710
20100000	-296
20200000	-636
20300000	-812
20400000	-1010
20500000	-1036
20600000	-574
20700000	-150
20800000	-1064
20900000	-718
21000000	-810
21100000	-1012
21200000	-1250
21300000	-1402
21400000	-1526
21500000	-1714
21600000	-524
21700000	-744
21800000	-378
21900000	-400
22000000	-114
22100000	-406
22200000	-82
22300000	-302
22400000	304
22500000	856
22600000	976
22700000	1614
22800000	1654
22900000	1522
23000000	1646
23100000	1860
23200000	1292
23300000	1326
23400000	1460
23500000	1218
23600000	924
23700000	1244
23800000	456
23900000	1130
24000000	1022
24100000	816
24200000	-96
24300000	-224
24400000	342
24500000	-40
24600000	236
24700000	46
24800000	-218
24900000	-468
25000000	-692
25100000	-224
25200000	-150
25300000	-110
25400000	176
25500000	-280
25600000	-486
25700000	514
25800000	418
25900000	112
26000000	522
26100000	264
26200000	866
26300000	436
26400000	284
26500000	652
26600000	376
26700000	492
26800000	192
26900000	-130
27000000	-172
27100000	-916
27200000	-600
27300000	-412
27400000	-742
27500000	-628
27600000	-832
27700000	-1040
27800000	-806
27900000	-962
28000000	-896
28100000	-938
28200000	-1016
28300000	-114
28400000	172
28500000	-330
28600000	168
28700000	-56
28800000	20
28900000	-8
29000000	-306
29100000	-430
29200000	-376
29300000	-702
29400000	-476
29500000	-30
29600000	-308
29700000	112
29800000	-824
29900000	-380
30000000	-280
30100000	-552
30200000	-240
30300000	-290
30400000	236
30500000	-240
30600000	-42
30700000	-124
30800000	-12
30900000	214
31000000	546
31100000	540
31200000	98
31300000	-112
31400000	68
31500000	-68
31600000	-70
31700000	-98
31800000	-70
31900000	-260
32000000	-46
32100000	-120
32200000	-242
32300000	-358
32400000	-278
32500000	-162
32600000	458
32700000	-58
32800000	24
32900000	-84
33000000	58
33100000	738
33200000	376
33300000	340
33400000	536
33500000	100
33600000	-658
33700000	-852
33800000	-506
33900000	-488
34000000	16
34100000	-574
34200000	-230
34300000	-348
34400000	-792
34500000	-556
34600000	-806
34700000	-550
34800000	-212
34900000	-560
35000000	-212
35100000	-288
35200000	118
35300000	120
35400000	-144
35500000	332
35600000	-240
35700000	-480
35800000	-204
35900000	-224
36000000	156
36100000	190
36200000	52
36300000	28
36400000	-126
36500000	-294
36600000	-274
36700000	-726
36800000	-1318
36900000	-106
37000000	204
37100000	84
37200000	-64
37300000	2
37400000	-272
37500000	266
37600000	-298
37700000	-922
37800000	-574
37900000	-450
38000000	-72
38100000	36
38200000	-260
38300000	34
38400000	148
38500000	-806
38600000	-1212
38700000	-1678
38800000	-848
38900000	-598
39000000	-442
39100000	-624
39200000	-646
39300000	-1144
39400000	-1072
39500000	-876
39600000	-620
39700000	-788
39800000	-1218
39900000	-1322
40000000	-1450
40100000	-898
40200000	-338
40300000	-710
40400000	-380
40500000	-454
40600000	-48
40700000	-364
40800000	-628
40900000	-508
41000000	-292
41100000	-354
41200000	-458
41300000	-494
41400000	-290
41500000	232
41600000	824
41700000	498
41800000	410
41900000	-30
42000000	-558
42100000	-338
42200000	-60
42300000	190
42400000	8
42500000	-2
42600000	72
42700000	-162
42800000	-182
42900000	-22
43000000	474
43100000	490
43200000	520
43300000	600
43400000	836
43500000	298
43600000	210
43700000	556
43800000	126
43900000	-84
44000000	8
44100000	-344
44200000	28
44300000	174
44400000	-140
44500000	-366
44600000	-248
44700000	-102
44800000	-386
44900000	-318
45000000	-376
45100000	-28
45200000	542
45300000	-60
45400000	-384
45500000	-650
45600000	-212
45700000	160
45800000	588
45900000	646
46000000	422
46100000	444
46200000	-32
46300000	-448
46400000	-638
46500000	-266
46600000	-296
46700000	258
46800000	90
46900000	-366
47000000	-110
47100000	178
47200000	558
47300000	400
47400000	-22
47500000	-166
47600000	-394
47700000	340
47800000	180
47900000	100
48000000	406
48100000	404
48200000	34
48300000	-468
48400000	-826
48500000	-830
48600000	-1028
48700000	-826
48800000	-632
48900000	-1024
49000000	-362
49100000	-628
49200000	-892
49300000	-928
49400000	-768
49500000	-392
49600000	414
49700000	124
49800000	238
49900000	-4
50000000	94
50100000	-138
50200000	188
50300000	506
50400000	280
50500000	276
50600000	-26
50700000	-96
50800000	12
50900000	6
51000000	54
51100000	-614
51200000	-680
51300000	-866
51400000	-642
51500000	222
51600000	-108
51700000	298
51800000	92
51900000	-544
52000000	600
52100000	958
52200000	624
52300000	394
52400000	612
52500000	638
52600000	358
52700000	-190
52800000	188
52900000	-194
53000000	-134
53100000	-438
53200000	-428
53300000	-200
53400000	-418
53500000	400
53600000	868
53700000	520
53800000	540
53900000	318
54000000	342
54100000	686
54200000	694
54300000	290
54400000	366
54500000	-232
54600000	240
54700000	338
54800000	484
54900000	448
55000000	548
55100000	538
55200000	26
55300000	412
55400000	502
55500000	520
55600000	-42
55700000	-380
55800000	-108
55900000	-834
56000000	-628
56100000	-700
56200000	-480
56300000	-672
56400000	6
56500000	-418
56600000	-566
56700000	-126
56800000	-260
56900000	-592
57000000	-852
57100000	-220
57200000	148
57300000	-90
57400000	-614
57500000	-462
57600000	-152
57700000	-394
57800000	-340
57900000	-450
58000000	248
58100000	508
58200000	1158
58300000	1280
58400000	970
58500000	612
58600000	784
58700000	496
58800000	380
58900000	712
59000000	156
59100000	484
59200000	378
59300000	444
59400000	468
59500000	608
59600000	638
59700000	488
59800000	218
59900000	50
60000000	-80
60100000	556
60200000	434
60300000	630
60400000	282
60500000	-138
60600000	226
60700000	-140
60800000	-104
60900000	-268
61000000	-726
61100000	-178
61200000	-746
61300000	-942
61400000	-1148
61500000	-834
61600000	-612
61700000	-356
61800000	18
61900000	-320
62000000	-848
62100000	-696
62200000	-726
62300000	-508
62400000	-706
62500000	-708
62600000	112
62700000	16
62800000	370
62900000	562
63000000	202
63100000	90
63200000	78
63300000	-718
63400000	-816
63500000	-906
63600000	-532
63700000	-434
63800000	-768
63900000	-636
64000000	-254
64100000	0
64200000	62
64300000	-336
64400000	-870
64500000	-868
64600000	-214
64700000	92
64800000	-12
64900000	-48
65000000	-852
65100000	-936
65200000	-662
65300000	-306
65400000	-100
65500000	394
65600000	432
65700000	648
65800000	534
65900000	852
66000000	420
66100000	-108
66200000	-534
66300000	136
66400000	-6
66500000	-272
66600000	-454
66700000	-306
66800000	-212
66900000	-556
67000000	320
67100000	652
67200000	676
67300000	992
67400000	622
67500000	184
67600000	226
67700000	44
67800000	390
67900000	80
68000000	174
68100000	222
68200000	526
68300000	550
68400000	726
68500000	942
68600000	1194
68700000	894
68800000	306
68900000	-402
69000000	156
69100000	-32
69200000	496
69300000	782
69400000	824
69500000	892
69600000	670
69700000	650
69800000	170
69900000	202
70000000	-26
70100000	-26
70200000	-26
70300000	132
70400000	158
70500000	-102
70600000	-28
70700000	-204
70800000	156
70900000	690
71000000	962
71100000	820
71200000	398
71300000	162
71400000	108
71500000	372
71600000	258
71700000	374
71800000	394
71900000	-438
72000000	-180
72100000	-246
72200000	-454
72300000	-110
72400000	200
72500000	-70
72600000	-100
72700000	528
72800000	286
72900000	114
73000000	130
73100000	444
73200000	546
73300000	576
73400000	498
73500000	168
73600000	510
73700000	630
73800000	820
73900000	866
74000000	1158
74100000	750
74200000	572
74300000	486
74400000	280
74500000	1074
74600000	716
74700000	892
74800000	686
74900000	272
75000000	232
75100000	-144
75200000	-430
75300000	-486
75400000	-358
75500000	-140
75600000	-380
75700000	6
75800000	88
75900000	228
76000000	182
76100000	-342
76200000	-26
76300000	330
76400000	716
76500000	1298
76600000	1430
76700000	1668
76800000	1506
76900000	1400
77000000	1532
77100000	1010
77200000	746
77300000	-92
77400000	574
77500000	-52
77600000	-802
77700000	-784
77800000	-598
77900000	-260
78000000	-522
78100000	-180
78200000	-426
78300000	-466
78400000	-1020
78500000	-550
78600000	-906
78700000	-934
78800000	-1218
78900000	-1324
79000000	-988
79100000	-684
79200000	-468
79300000	-66
79400000	118
79500000	-110
79600000	402
79700000	370
79800000	528
79900000	648
80000000	312
80100000	852
80200000	452
80300000	646
80400000	402
80500000	-196
80600000	-456
80700000	-600
80800000	-284
80900000	268
81000000	568
81100000	768
81200000	728
81300000	198
81400000	486
81500000	632
81600000	36
81700000	284
81800000	260
81900000	418
82000000	588
82100000	296
82200000	262
82300000	286
82400000	294
82500000	756
82600000	1098
82700000	980
82800000	930
82900000	488
83000000	764
83100000	378
83200000	72
83300000	-14
83400000	128
83500000	424
83600000	-48
83700000	-210
83800000	-530
83900000	-230
84000000	100
84100000	-756
84200000	-458
84300000	202
84400000	246
84500000	-160
84600000	918
84700000	698
84800000	808
84900000	538
85000000	286
85100000	280
85200000	156
85300000	58
85400000	82
85500000	786
85600000	1130
85700000	1202
85800000	566
85900000	264
86000000	478
86100000	286
86200000	226
86300000	62
86400000	66
86500000	-122
86600000	70
86700000	104
86800000	82
86900000	690
87000000	90
87100000	-464
87200000	142
87300000	78
87400000	-408
87500000	-250
87600000	-440
87700000	-850
87800000	-1068
87900000	-570
88000000	-702
88100000	-816
88200000	-120
88300000	-92
88400000	-380
88500000	-462
88600000	-210
88700000	-154
88800000	-278
88900000	-782
89000000	-226
89100000	-790
89200000	-752
89300000	-508
89400000	-834
89500000	-1134
89600000	-1262
89700000	-848
89800000	-920
89900000	-1012
90000000	-924
90100000	-1064
90200000	-1240
90300000	-792
90400000	-806
90500000	-284
90600000	-572
90700000	-918
90800000	-826
90900000	-834
91000000	-322
91100000	-634
91200000	-772
91300000	-790
91400000	-116
91500000	132
91600000	116
91700000	264
91800000	254
91900000	282
92000000	-98
92100000	76
92200000	400
92300000	166
92400000	548
92500000	346
92600000	1046
92700000	966
92800000	1052
92900000	1114
93000000	636
93100000	658
93200000	32
93300000	-122
93400000	-444
93500000	224
93600000	188
93700000	26
93800000	-36
93900000	96
94000000	-294
94100000	-256
94200000	-146
94300000	528
94400000	752
94500000	1166
94600000	722
94700000	148
94800000	124
94900000	-16
95000000	144
95100000	730
95200000	858
95300000	1064
95400000	638
95500000	374
95600000	558
95700000	124
95800000	534
95900000	602
96000000	-52
96100000	-236
96200000	-844
96300000	-754
96400000	-272
96500000	-86
96600000	-566
96700000	-476
96800000	260
96900000	-58
97000000	72
97100000	166
97200000	292
97300000	-24
97400000	314
97500000	952
97600000	816
97700000	1360
97800000	1160
97900000	1134
98000000	850
98100000	628
98200000	728
98300000	436
98400000	448
98500000	306
98600000	82
98700000	594
98800000	532
98900000	476
99000000	668
99100000	228
99200000	296
99300000	-100
99400000	138
99500000	396
99600000	114
99700000	464
99800000	984
99900000	870
