0	-16
100000	-372
200000	-360
300000	-226
400000	-490
500000	-502
600000	-550
700000	-638
800000	-432
900000	-456
1000000	-464
1100000	-566
1200000	-650
1300000	-448
1400000	-494
1500000	-330
1600000	-218
1700000	-232
1800000	-496
1900000	-676
2000000	-960
2100000	-1138
2200000	-1186
2300000	-1324
2400000	-1386
2500000	-1570
2600000	-1828
2700000	-1920
2800000	-1890
2900000	-1930
3000000	-1996
3100000	-2058
3200000	-2014
3300000	-2052
3400000	-2184
3500000	-2258
3600000	-2254
3700000	-2400
3800000	-2488
3900000	-2548
4000000	-2484
4100000	-2674
4200000	-2676
4300000	-2854
4400000	-2766
4500000	-2708
4600000	-2782
4700000	-3054
4800000	-3046
4900000	-3238
5000000	-3278
5100000	-3196
5200000	-3348
5300000	-3394
5400000	-3410
5500000	-3440
5600000	-3428
5700000	-3668
5800000	-3782
5900000	-3774
6000000	-3752
6100000	-3682
6200000	-3820
6300000	-3836
6400000	-4086
6500000	-4038
6600000	-4216
6700000	-4146
6800000	-4268
6900000	-4258
7000000	-4194
7100000	-4240
7200000	-4088
7300000	-4126
7400000	-4172
7500000	-4118
7600000	-4182
7700000	-4270
7800000	-4396
7900000	-4416
8000000	-4538
8100000	-4732
8200000	-4866
8300000	-4808
8400000	-4992
8500000	-5002
8600000	-4964
8700000	-5044
8800000	-5090
8900000	-5070
9000000	-5168
9100000	-5342
9200000	-5360
9300000	-5360
9400000	-5326
9500000	-5198
9600000	-5254
9700000	-5246
9800000	-5308
9900000	-5362
10000000	-5564
10100000	-5770
10200000	-5816
10300000	-5998
10400000	-6042
10500000	-6014
10600000	-6094
10700000	-6092
10800000	-6068
10900000	-6232
11000000	-6204
11100000	-6226
11200000	-6446
11300000	-6452
11400000	-6440
11500000	-6476
11600000	-6510
11700000	-6572
11800000	-6736
11900000	-6696
12000000	-6638
12100000	-6706
12200000	-6752
12300000	-6662
12400000	-6832
12500000	-6812
12600000	-6868
12700000	-6912
12800000	-6984
12900000	-7050
13000000	-7150
13100000	-7126
13200000	-7098
13300000	-7110
13400000	-7070
13500000	-7126
13600000	-7192
13700000	-7308
13800000	-7434
13900000	-7428
14000000	-7618
14100000	-7562
14200000	-7696
14300000	-7790
14400000	-7812
14500000	-7776
14600000	-7798
14700000	-7696
14800000	-7664
14900000	-7770
15000000	-7916
15100000	-8050
15200000	-8148
15300000	-8154
15400000	-8296
15500000	-8274
15600000	-8344
15700000	-8422
15800000	-8528
15900000	-8608
16000000	-8670
16100000	-8772
16200000	-8800
16300000	-8832
16400000	-8898
16500000	-8952
16600000	-8968
16700000	-9058
16800000	-9166
16900000	-9168
17000000	-9174
17100000	-9294
17200000	-9308
17300000	-9358
17400000	-9438
17500000	-9512
17600000	-9596
17700000	-9618
17800000	-9730
17900000	-9746
18000000	-9800
18100000	-9814
18200000	-9924
18300000	-9938
18400000	-9954
18500000	-9968
18600000	-9948
18700000	-9944
18800000	-9966
18900000	-9938
19000000	-9930
19100000	-9960
19200000	-9952
19300000	-9944
19400000	-9946
19500000	-9934
19600000	-9914
19700000	-9948
19800000	-9946
19900000	-9950
20000000	-9934
20100000	-9968
20200000	-9960
20300000	-9948
20400000	-9948
20500000	-9942
20600000	-9948
20700000	-9940
20800000	-9964
20900000	-9964
21000000	-9938
21100000	-9946
21200000	-9944
21300000	-9932
21400000	-9952
21500000	-9938
21600000	-9942
21700000	-9946
21800000	-9948
21900000	-9958
22000000	-9956
22100000	-9950
22200000	-9980
22300000	-9940
22400000	-9936
22500000	-9956
22600000	-9940
22700000	-9946
22800000	-9950
22900000	-9936
23000000	-9952
23100000	-9946
23200000	-9926
23300000	-9942
23400000	-9926
23500000	-9950
23600000	-9934
23700000	-9936
23800000	-9946
23900000	-9958
24000000	-9962
24100000	-9954
24200000	-9940
24300000	-9950
24400000	-9944
24500000	-9950
24600000	-9948
24700000	-9954
24800000	-9950
24900000	-9938
25000000	-9946
25100000	-9946
25200000	-9932
25300000	-9942
25400000	-9956
25500000	-9944
25600000	-9926
25700000	-9950
25800000	-9920
25900000	-9930
26000000	-9924
26100000	-9914
26200000	-9954
26300000	-9972
26400000	-9948
26500000	-9968
26600000	-9940
26700000	-9958
26800000	-9928
26900000	-9942
27000000	-9950
27100000	-9962
27200000	-9966
27300000	-9948
27400000	-9936
27500000	-9958
27600000	-9964
27700000	-9958
27800000	-9934
27900000	-9966
28000000	-9948
28100000	-9942
28200000	-9932
28300000	-9946
28400000	-9946
28500000	-9970
28600000	-9936
28700000	-9976
28800000	-9940
28900000	-9942
29000000	-9950
29100000	-9942
29200000	-9950
29300000	-9966
29400000	-9946
29500000	-9942
29600000	-9952
29700000	-9958
29800000	-9942
29900000	-9932
30000000	-9952
30100000	-9938
30200000	-9940
30300000	-9946
30400000	-9940
30500000	-9946
30600000	-9928
30700000	-9924
30800000	-9930
30900000	-9952
31000000	-9936
31100000	-9934
31200000	-9942
31300000	-9942
31400000	-9960
31500000	-9944
31600000	-9958
31700000	-9930
31800000	-9960
31900000	-9934
32000000	-9956
32100000	-9936
32200000	-9954
32300000	-9950
32400000	-9946
32500000	-9960
32600000	-9964
32700000	-9938
32800000	-9956
32900000	-9950
33000000	-9944
33100000	-9950
33200000	-9964
33300000	-9950
33400000	-9958
33500000	-9930
33600000	-9942
33700000	-9944
33800000	-9952
33900000	-9932
34000000	-9964
34100000	-9964
34200000	-9952
34300000	-9962
34400000	-9952
34500000	-9946
34600000	-9944
34700000	-9918
34800000	-9962
34900000	-9940
35000000	-9940
35100000	-9940
35200000	-9938
35300000	-9960
35400000	-9950
35500000	-9954
35600000	-9938
35700000	-9942
35800000	-9946
35900000	-9962
36000000	-9960
36100000	-9954
36200000	-9968
36300000	-9946
36400000	-9950
36500000	-9944
36600000	-9958
36700000	-9954
36800000	-9954
36900000	-9942
37000000	-9938
37100000	-9938
37200000	-9944
37300000	-9938
37400000	-9962
37500000	-9962
37600000	-9934
37700000	-9950
37800000	-9938
37900000	-9946
38000000	-9950
38100000	-9944
38200000	-9938
38300000	-9942
38400000	-9958
38500000	-9934
38600000	-9930
38700000	-9940
38800000	-9958
38900000	-9970
39000000	-9946
39100000	-9944
39200000	-9940
39300000	-9944
39400000	-9956
39500000	-9950
39600000	-9950
39700000	-9948
39800000	-9944
39900000	-9944
40000000	-9940
40100000	-9942
40200000	-9950
40300000	-9954
40400000	-9954
40500000	-9944
40600000	-9920
40700000	-9934
40800000	-9970
40900000	-9942
41000000	-9938
41100000	-9960
41200000	-9960
41300000	-9950
41400000	-9952
41500000	-9952
41600000	-9954
41700000	-9946
41800000	-9952
41900000	-9948
42000000	-9956
42100000	-9940
42200000	-9956
42300000	-9958
42400000	-9940
42500000	-9938
42600000	-9966
42700000	-9946
42800000	-9952
42900000	-9934
43000000	-9950
43100000	-9966
43200000	-9964
43300000	-9952
43400000	-9966
43500000	-9944
43600000	-9950
43700000	-9934
43800000	-9944
43900000	-9960
44000000	-9956
44100000	-9952
44200000	-9944
44300000	-9940
44400000	-9964
44500000	-9944
44600000	-9946
44700000	-9936
44800000	-9958
44900000	-9932
45000000	-9922
45100000	-9958
45200000	-9946
45300000	-9962
45400000	-9960
45500000	-9950
45600000	-9930
45700000	-9932
45800000	-9960
45900000	-9950
46000000	-9948
46100000	-9928
46200000	-9952
46300000	-9930
46400000	-9948
46500000	-9946
46600000	-9936
46700000	-9948
46800000	-9948
46900000	-9938
47000000	-9960
47100000	-9952
47200000	-9966
47300000	-9954
47400000	-9952
47500000	-9948
47600000	-9942
47700000	-9932
47800000	-9962
47900000	-9934
48000000	-9932
48100000	-9956
48200000	-9936
48300000	-9938
48400000	-9946
48500000	-9954
48600000	-9932
48700000	-9952
48800000	-9938
48900000	-9948
49000000	-9958
49100000	-9948
49200000	-9928
49300000	-9944
49400000	-9944
49500000	-9950
49600000	-9918
49700000	-9944
49800000	-9946
49900000	-9944
50000000	-9950
50100000	-9962
50200000	-9942
50300000	-9944
50400000	-9966
50500000	-9916
50600000	-9944
50700000	-9940
50800000	-9954
50900000	-9958
51000000	-9938
51100000	-9940
51200000	-9954
51300000	-9954
51400000	-9940
51500000	-9958
51600000	-9926
51700000	-9944
51800000	-9962
51900000	-9952
52000000	-9962
52100000	-9954
52200000	-9956
52300000	-9956
52400000	-9956
52500000	-9924
52600000	-9930
52700000	-9944
52800000	-9960
52900000	-9956
53000000	-9938
53100000	-9948
53200000	-9974
53300000	-9928
53400000	-9948
53500000	-9944
53600000	-9950
53700000	-9972
53800000	-9946
53900000	-9948
54000000	-9946
54100000	-9950
54200000	-9944
54300000	-9952
54400000	-9956
54500000	-9946
54600000	-9930
54700000	-9950
54800000	-9948
54900000	-9956
55000000	-9938
55100000	-9940
55200000	-9964
55300000	-9952
55400000	-9958
55500000	-9958
55600000	-9926
55700000	-9964
55800000	-9944
55900000	-9960
56000000	-9964
56100000	-9938
56200000	-9954
56300000	-9954
56400000	-9962
56500000	-9978
56600000	-9920
56700000	-9940
56800000	-9952
56900000	-9948
57000000	-9940
57100000	-9940
57200000	-9950
57300000	-9950
57400000	-9966
57500000	-9932
57600000	-9968
57700000	-9944
57800000	-9954
57900000	-9970
58000000	-9956
58100000	-9944
58200000	-9942
58300000	-9954
58400000	-9960
58500000	-9952
58600000	-9952
58700000	-9938
58800000	-9958
58900000	-9956
59000000	-9940
59100000	-9956
59200000	-9928
59300000	-9946
59400000	-9946
59500000	-9944
59600000	-9942
59700000	-9952
59800000	-9946
59900000	-9940
60000000	-9942
60100000	-9958
60200000	-9958
60300000	-9960
60400000	-9930
60500000	-9952
60600000	-9952
60700000	-9938
60800000	-9942
60900000	-9948
61000000	-9944
61100000	-9948
61200000	-9958
61300000	-9962
61400000	-9948
61500000	-9962
61600000	-9934
61700000	-9928
61800000	-9950
61900000	-9936
62000000	-9934
62100000	-9946
62200000	-9942
62300000	-9928
62400000	-9948
62500000	-9936
62600000	-9964
62700000	-9950
62800000	-9938
62900000	-9960
63000000	-9960
63100000	-9948
63200000	-9936
63300000	-9960
63400000	-9958
63500000	-9946
63600000	-9944
63700000	-9928
63800000	-9956
63900000	-9958
64000000	-9958
64100000	-9952
64200000	-9960
64300000	-9942
64400000	-9948
64500000	-9938
64600000	-9956
64700000	-9950
64800000	-9930
64900000	-9960
65000000	-9940
65100000	-9968
65200000	-9926
65300000	-9952
65400000	-9954
65500000	-9934
65600000	-9946
65700000	-9956
65800000	-9960
65900000	-9946
66000000	-9926
66100000	-9956
66200000	-9946
66300000	-9950
66400000	-9962
66500000	-9962
66600000	-9956
66700000	-9944
66800000	-9932
66900000	-9958
67000000	-9954
67100000	-9958
67200000	-9932
67300000	-9962
67400000	-9930
67500000	-9946
67600000	-9950
67700000	-9946
67800000	-9954
67900000	-9946
68000000	-9956
68100000	-9954
68200000	-9940
68300000	-9946
68400000	-9950
68500000	-9930
68600000	-9968
68700000	-9932
68800000	-9942
68900000	-9958
69000000	-9934
69100000	-9938
69200000	-9948
69300000	-9940
69400000	-9938
69500000	-9936
69600000	-9926
69700000	-9920
69800000	-9942
69900000	-9950
70000000	-9950
70100000	-9956
70200000	-9944
70300000	-9946
70400000	-9958
70500000	-9964
70600000	-9946
70700000	-9962
70800000	-9950
70900000	-9956
71000000	-9932
71100000	-9946
71200000	-9970
71300000	-9928
71400000	-9948
71500000	-9950
71600000	-9936
71700000	-9974
71800000	-9934
71900000	-9956
72000000	-9936
72100000	-9950
72200000	-9938
72300000	-9962
72400000	-9924
72500000	-9960
72600000	-9946
72700000	-9956
72800000	-9928
72900000	-9958
73000000	-9952
73100000	-9958
73200000	-9956
73300000	-9964
73400000	-9950
73500000	-9936
73600000	-9950
73700000	-9934
73800000	-9940
73900000	-9950
74000000	-9948
74100000	-9940
74200000	-9966
74300000	-9956
74400000	-9958
74500000	-9942
74600000	-9944
74700000	-9940
74800000	-9930
74900000	-9974
75000000	-9952
75100000	-9948
75200000	-9936
75300000	-9940
75400000	-9948
75500000	-9946
75600000	-9934
75700000	-9950
75800000	-9936
75900000	-9952
76000000	-9950
76100000	-9962
76200000	-9932
76300000	-9950
76400000	-9946
76500000	-9936
76600000	-9950
76700000	-9954
76800000	-9946
76900000	-9942
77000000	-9932
77100000	-9952
77200000	-9942
77300000	-9972
77400000	-9970
77500000	-9978
77600000	-9918
77700000	-9952
77800000	-9948
77900000	-9946
78000000	-9942
78100000	-9942
78200000	-9948
78300000	-9942
78400000	-9964
78500000	-9952
78600000	-9936
78700000	-9954
78800000	-9938
78900000	-9944
79000000	-9954
79100000	-9942
79200000	-9946
79300000	-9938
79400000	-9952
79500000	-9936
79600000	-9950
79700000	-9942
79800000	-9936
79900000	-9944
80000000	-9938
80100000	-9956
80200000	-9914
80300000	-9954
80400000	-9926
80500000	-9936
80600000	-9950
80700000	-9948
80800000	-9940
80900000	-9934
81000000	-9966
81100000	-9956
81200000	-9952
81300000	-9960
81400000	-9942
81500000	-9956
81600000	-9934
81700000	-9948
81800000	-9944
81900000	-9964
82000000	-9946
82100000	-9934
82200000	-9928
82300000	-9946
82400000	-9938
82500000	-9962
82600000	-9936
82700000	-9944
82800000	-9940
82900000	-9944
83000000	-9952
83100000	-9966
83200000	-9934
83300000	-9920
83400000	-9944
83500000	-9962
83600000	-9948
83700000	-9960
83800000	-9942
83900000	-9954
84000000	-9964
84100000	-9942
84200000	-9924
84300000	-9948
84400000	-9942
84500000	-9940
84600000	-9966
84700000	-9948
84800000	-9934
84900000	-9952
85000000	-9960
85100000	-9954
85200000	-9956
85300000	-9950
85400000	-9956
85500000	-9926
85600000	-9930
85700000	-9964
85800000	-9948
85900000	-9940
86000000	-9978
86100000	-9964
86200000	-9968
86300000	-9948
86400000	-9956
86500000	-9946
86600000	-9922
86700000	-9938
86800000	-9958
86900000	-9960
87000000	-9960
87100000	-9938
87200000	-9946
87300000	-9962
87400000	-9952
87500000	-9964
87600000	-9948
87700000	-9970
87800000	-9958
87900000	-9948
88000000	-9962
88100000	-9948
88200000	-9948
88300000	-9968
88400000	-9938
88500000	-9940
88600000	-9954
88700000	-9954
88800000	-9942
88900000	-9938
89000000	-9938
89100000	-9948
89200000	-9930
89300000	-9932
89400000	-9960
89500000	-9956
89600000	-9936
89700000	-9970
89800000	-9940
89900000	-9954
90000000	-9952
90100000	-9968
90200000	-9960
90300000	-9918
90400000	-9960
90500000	-9950
90600000	-9938
90700000	-9926
90800000	-9962
90900000	-9952
91000000	-9958
91100000	-9948
91200000	-9960
91300000	-9938
91400000	-9936
91500000	-9956
91600000	-9972
91700000	-9940
91800000	-9948
91900000	-9944
92000000	-9954
92100000	-9936
92200000	-9950
92300000	-9946
92400000	-9946
92500000	-9938
92600000	-9944
92700000	-9944
92800000	-9928
92900000	-9932
93000000	-9958
93100000	-9952
93200000	-9972
93300000	-9932
93400000	-9942
93500000	-9960
93600000	-9954
93700000	-9936
93800000	-9950
93900000	-9964
94000000	-9934
94100000	-9932
94200000	-9948
94300000	-9942
94400000	-9948
94500000	-9938
94600000	-9964
94700000	-9950
94800000	-9948
94900000	-9942
95000000	-9948
95100000	-9964
95200000	-9958
95300000	-9924
95400000	-9950
95500000	-9956
95600000	-9946
95700000	-9940
95800000	-9974
95900000	-9934
96000000	-9942
96100000	-9932
96200000	-9954
96300000	-9936
96400000	-9946
96500000	-9940
96600000	-9954
96700000	-9962
96800000	-9946
96900000	-9944
97000000	-9960
97100000	-9944
97200000	-9948
97300000	-9950
97400000	-9958
97500000	-9966
97600000	-9954
97700000	-9946
97800000	-9944
97900000	-9948
98000000	-9952
98100000	-9950
98200000	-9936
98300000	-9964
98400000	-9948
98500000	-9954
98600000	-9958
98700000	-9946
98800000	-9944
98900000	-9966
99000000	-9954
99100000	-9964
99200000	-9942
99300000	-9930
99400000	-9922
99500000	-9958
99600000	-9948
99700000	-9956
99800000	-9956
99900000	-9940
